50
51
52
53
67
68
69
70
71
84
85
86
87
88
89
101
102
103
104
105
106
107
117
118
119
120
121
122
123
124
125
126
133
134
135
136
137
138
139
140
141
142
143
144
150
151
152
153
154
155
156
157
158
159
160
161
165
166
167
168
169
170
171
172
174
175
176
177
178
179
182
183
185
186
187
188
190
191
193
194
195
196
200
201
202
203
204
205
206
207
208
209
210
211
212
213
214
218
219
220
222
223
225
226
227
228
229
230
231
232
236
237
238
239
240
241
242
243
244
245
246
247
248
249
250
251
254
255
256
257
258
259
260
262
263
264
265
266
267
268
272
273
274
275
276
277
278
279
282
283
284
290
291
293
294
295
296
297
298
299
300
301
308
309
310
311
312
313
314
315
316
317
318
319
326
327
328
330
331
333
334
335
336
344
345
348
349
351
352
353
354
