50
247
248
249
250
251
255
256
257
259
260
262
263
264
265
266
267
268
272
273
246
245
244
243
353
214
219
220
222
223
225
226
227
274
228
230
231
232
236
237
239
240
241
242
229
212
275
277
316
317
318
319
326
327
328
330
331
333
334
335
336
344
345
348
349
351
352
315
314
313
312
278
279
282
283
284
290
291
293
294
276
295
297
298
299
300
301
308
309
310
311
296
211
213
209
121
122
123
124
125
126
133
134
135
120
136
138
139
140
141
142
143
144
150
151
137
119
118
117
51
52
53
67
68
69
70
71
84
85
86
87
88
89
101
102
103
104
105
106
107
152
210
153
155
154
186
187
188
190
193
194
195
196
200
201
203
204
205
206
207
208
179
178
354
176
159
166
167
177
168
169
158
161
170
157
171
172
156
174
175
160
218
183
165
182
185
238
258
254
202
191
